 .word  32766,-14065, -9566,  8552,-15819, 32767,-14065, -9566 ;     -900
 .word   8552,-15819,     0,-26933, -7175,-26354,-28248,     0 ;     -884
 .word -14065, -9566,  8552,-15819, 32765,-13393,-20734,-22134 ;     -868
 .word -16322, 32766,-11245,-13105, -6279,-28142, 32767,-21747 ;     -852
 .word -16043,-16436,-32011,     0,-32768,     0,     0,     0 ;     -836
 .word      0,-16496,-14574,-11357,  2691,     1,-25982, 31129 ;     -820
 .word   -785, 12866,     2,-24353, -2286,  4667,-30652,-32767 ;     -804
 .word      0,-20081,-25122,-14919,-31395,     1,     0, -8567 ;     -788
 .word   9148,-28341,-13172,-32767,     1,-28543,-25854,-19141 ;     -772
 .word    587,     1,     1,-14291,-26530,  7452, 29611,-32767 ;     -756
 .word      2,-26025,-13601,-28381,  1027,     1,     3,-27821 ;     -740
 .word -12982, 21388, 18300,-32767,     5,-30178,-28555,-20840 ;     -724
 .word  30003,-32767,     6,-12499,-10064,-31260,-17861,-32767 ;     -708
 .word      6,-12499,-10064,-31260,-17861,-32767,     7,-25728 ;     -692
 .word  -9879, 22985, -5612,     1,    12,-27410,   736, 31828 ;     -676
 .word  14876,-32767,    14,-32259, -6221, 22961, -3741,     1 ;     -660
 .word    -15,-29173,-16116, 11386,-29396,     1,    -5,-29648 ;     -644
 .word   5481, 31800, 31337,-32767,     3, -2020,  5546, 28418 ;     -628
 .word  -7670,     1,    10,-31745,  4530, 19767,   914,-32767 ;     -612
 .word     13,-13264,-12383, -8254, 31979,     1,     8,-27893 ;     -596
 .word -29439,  8355,-28114,-32767,   -27,-25017, 17128,  -628 ;     -580
 .word -13764,     1,   -19, -2880,-15520, 31180, 11886,-32767 ;     -564
 .word    -11,-16544, 32710,  8699,  8485,     1,    -4,-23585 ;     -548
 .word -13800, 21813, 15427,-32767,     2,-29867, 30493, -6119 ;     -532
 .word -26854,     1,     6,-19096, -8564, 23198,-21963,-32767 ;     -516
 .word    -46,-18900, 26131, 31502,-27625,     1,   -38, -2953 ;     -500
 .word  25550,    19, -5021,-32767,   -30, -3709,-23135, 24980 ;     -484
 .word  12952,     1,   -22,-22468,  6722, -7830,-11859,-32767 ;     -468
 .word    -15,-26263, 26227,  5469, -5925,     1,    -9,-23755 ;     -452
 .word  -7365,-21162,-14614,-32767,    -4,-23203, -6351, 11762 ;     -436
 .word -27174,     1,    -1,-14065, -9566,  8552,-15819,-32767 ;     -420
 .word      1,-18408, 13763,-12790, 24093,     1,     0, -1474 ;     -404
 .word  -8434, -8716,  6806,     1,    -9,-18106, 18095, -2354 ;     -388
 .word  15359,     1,    -6,-27404, 12833, 19809, -1045,     1 ;     -372
 .word     -4, -9065,-30461, -9916, 30867,     1,     0,-24674 ;     -356
 .word  14662, 22474,  7429,-32767,     2,-12949,-15046, 18156 ;     -340
 .word  -9062,     1,     2,-19325,-26649,-17690,  -800,     1 ;     -324
 .word      7,-10936, 28674,-26549, 23220,     1,    11, -2187 ;     -308
 .word  24878,-26953,  1920,-32767,   -17,  -120,-28472,  6944 ;     -292
 .word -25735,     1,    -6, -9636,-31505,-18413, 10031,     1 ;     -276
 .word      4,-26669,-17686, -2033,  -699,     1,    10,-21626 ;     -260
 .word  29089,-27202,  -244,     2,-14065, -9566,  8552,-15819 ;     -244
 .word      0,-14065, -9566,  8552,-15819, 32767,-14065, -9566 ;     -228
 .word   8552,-15819,     1,-14065, -9566,  8552,-15819,     1 ;     -212
 .word -21000, 21592,-23877, 19099,     0,-19196, -3277, -1570 ;     -196
 .word  25732, 32767,-19196, -3277, -1570, 25732, 32767,-20110 ;     -180
 .word   6135,-11825, 31148, 32766,-26080,-25980, -1073, -2151 ;     -164
 .word  16383,     0,     0,     0,     0,-32768,-32768,     0 ;     -148
 .word      0,     0, 16384,     0,     0,     0,     0,     0 ;     -132
 .word -32768,     0,     0,     0,     1,-32768,     0,     0 ;     -116
 .word      0,   170,   398,   170,   398,   170,   398,   170 ;     -100
 .word    398,   170,   398,   170,   398,   170,   398,   170 ;      -84
 .word    398,     0,    16,  3072,   174, 18672,-32767,     6 ;      -68
 .word -12499,-10064,-31260,-17861,     0,     0,     0,     0 ;      -52
 .word      0,     0,   174,   338,   174,   344,   174,   350 ;      -36
 .word    174,   356,   174,   362,   174,   368,   174,   374 ;      -20
 .word    174,   380 ;       -4
ÿ