2 5 5 7 5 5 5
6 5 5 6 5 5 6
2 5 4 4 4 5 2
6 5 5 5 5 5 6
7 4 4 5 4 4 7
7 4 4 6 4 4 4
2 5 4 7 5 5 2
5 5 5 7 5 5 5
7 2 2 2 2 2 7
3 1 1 1 1 5 2
5 5 5 6 5 5 5
4 4 4 4 4 4 7
5 7 5 5 5 5 5
5 7 7 7 7 7 5
2 5 5 5 5 5 2
6 5 5 6 4 4 4
2 5 5 5 5 7 3
6 5 5 6 5 5 5
2 5 4 2 1 5 2
7 2 2 2 2 2 2
5 5 5 5 5 5 2
5 5 5 5 5 2 2
5 5 5 5 5 7 5
5 5 5 2 5 5 5
5 5 5 2 2 2 2
7 1 1 2 4 4 7
0 2 5 1 3 5 3
0 4 4 4 6 5 3
0 2 5 4 4 5 2
0 1 1 1 3 5 3
0 2 5 7 4 5 2
0 2 5 4 6 4 4
0 2 5 3 1 5 2
0 4 4 4 6 5 5
0 4 0 4 4 5 2
0 1 0 1 1 5 2
0 4 4 4 5 6 5
0 6 2 2 2 2 7
0 0 5 7 5 5 5
0 0 5 7 7 7 5
0 0 2 5 5 5 2
0 0 6 5 6 4 4
0 0 3 5 3 1 1
0 0 6 5 4 4 4
0 0 3 4 2 1 6
0 4 4 6 4 5 2
0 0 5 5 5 5 2
0 0 5 5 5 2 2
0 0 5 5 5 7 5
0 0 5 5 2 5 5
0 0 5 5 2 2 2
0 0 7 1 2 4 7
ÿ